6456449
302985
296756
653614
149694
0
212357
13813
597385
0
347702
133033
149358
917980
131487
142202
461989
441932
105425
0
0
0
213992
307538
0
91826
851293
443086
704837
198992
520045
603660
0
325584
875941
93481
21099
0
63271
0
51042
538210
369196
0
548939
79631
213992
524985
203092
127617
65645
0
216713
541190
134644
69161
73635
0
0
163848
664805
475239
0
88882
52759
332822
195108
0
74383
68112
103250
333432
0
0
83306
0
594994
0
774501
56196
248522
94677
295508
0
37576
91731
168085
48638
949883
155900
177537
370678
172200
14863
181668
42572
37980
364976
0
55264
165282
163994
0
369750
129609
68431
39701
315525
672084
0
672600
297992
355661
702465
163806
848700
233973
615875
244449
0
16894
196154
879642
0
326605
45278
0
338755
0
0
49407
88568
0
351292
8611
704011
0
280934
467218
171594
497409
73805
0
114993
746976
20051
305060
69048
226174
450723
0
207406
11004
0
322144
215984
384396
479536
0
81943
0
126408
223480
305060
0
474040
74579
0
0
0
30305
0
0
369252
0
0
669848
185699
292256
369830
375
64124
254740
146801
689723
499242
20
0
401547
7160
395391
0
535713
123739
150349
48433
691428
0
0
390007
248563
278312
9977
514879
554665
82638
0
675325
242560
297544
182220
294263
234533
0
0
0
0
57962
0
298923
177002
923
160384
679372
330834
86844
20024
96493
0
505172
271563
479217
0
553042
0
842928
219227
0
126279
9037
8468
87512
0
0
111880
249265
665000
754893
0
3866
0
361720
193771
16829
657102
0
8855
625418
361444
37338
826022
267948
92894
144729
0
218296
568313
224267
34063
351335
550793
522167
896354
427036
0
175458
409459
258470
383701
839035
276485
15698
0
372132
127667
180987
62268
360220
330707
510249
0
607058
820713
5909
103183
166596
118611
454603
332148
525202
660762
550581
496295
0
137881
1760
504627
103996
3537
480796
399505
243930
206953
275681
0
124145
767525
587648
61101
370100
0
82933
0
615946
0
0
345627
0
0
0
537543
433777
102173
133397
334796
11431
618134
572850
483012
8357
501539
74054
108942
0
0
35831
102156
0
334675
120422
0
173178
466658
325326
317961
258426
62320
214960
210137
247356
0
194978
141962
34927
314238
648866
118982
0
0
0
0
259037
229178
788389
267432
559465
0
132321
207528
213361
81032
401888
0
9499
0
596907
0
23830
6611
372452
36510
539462
16499
19855
458269
0
733468
195637
59296
532445
159981
127010
57833
154848
375272
64524
547953
253050
0
0
116066
565122
460176
142496
429201
448625
359820
13949
3865
45055
41644
107536
123746
117498
797631
572435
740064
42579
289718
0
201900
634552
288395
64146
239687
584215
91749
158272
139003
107736
287788
10165
35119
221121
0
0
169457
0
0
749772
439345
698379
399646
107189
3622
465902
654160
284232
59534
219828
311119
0
67218
201961
206122
18678
0
0
0
0
0
94134
0
589941
932314
0
23315
228045
0
449162
113786
0
49039
590039
75737
290053
0
514012
68131
502782
224159
12363
591239
415662
264367
77360
542539
86673
0
80491
0
453356
601408
220871
0
0
5506
274952
230678
84663
604104
0
370628
24945
0
285485
11412
988852
681793
343941
776407
86673
982210
235668
517887
540522
235952
340052
84820
26444
409613
84529
140192
0
713569
344229
306827
17271
518730
478876
71919
0
194734
0
0
439602
249222
658807
0
397142
78423
0
617865
667350
333557
339758
310757
750163
579235
157474
441641
0
412176
0
769750
0
52748
363251
365953
55831
6894
0
320558
668041
0
600031
40724
18136
95323
0
159015
0
619780
0
141626
442498
142903
205726
290043
40618
402994
414841
385256
175648
302063
0
875079
240591
0
0
379734
155542
242967
754581
42500
215440
149140
398522
82985
807000
0
0
427830
601306
8405
0
0
227292
70047
0
0
761409
0
584676
290448
816228
169605
502653
210917
0
0
614121
0
208308
28272
67644
64817
112008
13255
57321
610179
321537
62113
0
244696
29835
0
26150
284008
931025
363405
77308
191913
0
70753
217240
0
0
41611
172335
539638
391043
0
0
0
0
84563
0
0
79996
61370
93696
0
0
0
48638
579999
11916
37527
3625
334561
82136
764672
220571
452303
0
680384
0
47004
19789
0
265038
14175
135671
388782
16254
0
412488
0
258027
433891
0
584351
855485
64261
0
53811
210994
342267
67795
0
372662
0
191143
223529
692796
0
153524
283576
209044
0
0
108727
946386
0
0
96818
0
22680
27663
284150
991836
604523
0
0
0
10048
857735
817851
0
0
0
0
0
0
842395
0
0
300971
0
0
712266
843440
640316
128069
86020
0
0
333116
0
147919
111676
380175
30305
183189
1736
8855
375077
0
447836
260272
0
643835
315391
560239
0
499915
236178
19088
798410
27439
2739
740889
107039
0
28459
39974
89613
146141
0
21145
0
603473
200055
0
0
515654
44491
669380
0
393118
669056
0
84640
0
0
0
289567
131719
357929
385477
555174
714454
718509
191000
45838
0
0
113350
378901
87256
16740
259115
144751
274150
0
0
797265
185690
0
0
548264
0
101301
144716
931388
14393
143520
439901
24781
39513
13171
236107
0
18038
0
60437
167161
239500
849973
317339
7532
711968
299179
0
0
96363
497662
129722
0
65013
238320
280049
179210
893664
0
0
376837
348352
0
110354
96983
0
247499
356856
320601
148726
587006
624891
960879
254447
381032
399067
1760
15866
15741
490731
194355
0
0
876222
0
552086
46313
65715
463988
372955
0
218309
188293
47450
599779
191923
253467
129237
502072
546965
320233
307055
79294
121072
0
0
122923
144374
177201
91548
214374
0
88271
414013
177874
606318
305583
0
0
341828
405327
621122
39787
312986
0
16270
200714
0
287750
55358
0
155544
0
316218
130353
0
0
0
0
0
109586
501835
0
121463
0
0
44900
0
0
403734
115308
0
360632
548258
0
0
190107
846743
0
13603
969237
208512
160442
161625
798096
0
539356
0
125260
241990
49830
436807
0
824908
0
0
0
684545
389050
0
0
58480
0
500788
973271
50314
0
481679
307092
627358
322712
0
27103
0
0
0
0
254721
0
0
237460
417630
86673
0
66411
391412
0
319671
272672
343648
0
0
0
408877
0
0
0
126546
426276
161334
127327
0
290913
246335
152901
290371
689831
0
0
0
304335
0
289412
47806
208417
24825
37289
248571
140737
0
0
39515
145363
246628
348102
0
0
0
46376
393051
318211
369910
538223
0
302478
0
531996
259562
760278
0
0
0
605118
14566
0
160612
830513
655957
184873
190104
0
137419
661802
167954
362907
0
148897
400984
619334
576789
60488
62963
0
416413
0
201337
60352
0
19828
0
547888
405006
0
0
13463
315834
939330
752549
98005
0
11214
457103
142040
0
94194
0
0
44818
16978
279073
0
0
0
459878
947928
504582
492567
250932
128228
0
144984
602773
697889
63756
551361
0
524787
0
75488
687163
84631
316745
192942
444950
419490
656969
913608
0
314794
802176
562873
0
85317
0
222387
285860
0
0
0
36597
0
0
0
606516
445721
0
253868
10097
359635
732736
699683
0
63471
0
232387
0
28478
101659
359039
39696
738639
916200
0
0
577048
28154
316002
382532
13426
0
210230
156043
0
0
322088
0
167349
601239
820081
0
0
0
182872
94925
566311
184160
775693
0
0
0
83748
184194
0
0
0
344695
0
397293
425614
119099
0
496329
468216
0
45053
630825
996836
156329
325782
0
0
21099
550473
0
0
661944
86537
31427
544022
151342
559178
120422
40471
410192
169819
45823
32277
238604
340107
367052
264500
49508
377343
0
0
302602
0
81319
897825
0
0
387261
220679
0
0
282566
628710
312177
44824
163594
275859
124877
0
20404
0
844106
0
45916
417263
83521
0
193118
582902
177700
189208
307778
0
119316
0
477590
0
286422
656672
0
756552
73304
99494
54669
47374
0
85613
0
101406
484717
0
0
670257
0
164812
0
112364
531876
106038
168230
0
0
780111
0
0
325808
238423
0
173750
333224
580004
594770
27064
93956
0
0
365425
77369
404880
0
165938
0
878348
413712
60315
581609
90606
0
9333
80638
134120
0
295123
12264
2764
709249
225840
0
2688
47567
281122
0
224575
50425
465413
0
80042
0
73140
476415
186344
70848
461917
31892
621852
430084
455272
104692
126607
551340
470622
0
0
326451
0
287891
0
0
0
0
0
566540
565124
0
0
20354
238133
0
46718
9734
159192
0
4974
72615
50674
293070
0
0
287511
437140
191557
993356
0
434055
322737
135536
18377
0
7767
0
402325
453818
0
174403
242678
0
395233
49800
0
301545
0
939540
17401
264752
665364
666508
0
45228
0
679685
17900
274584
192215
40580
136161
0
620833
266996
906538
1761
287779
267711
0
368785
604583
268671
981756
24984
297502
407821
0
0
37141
342631
62764
84204
0
0
368494
263388
0
291035
841375
338150
0
211408
100250
62978
208303
0
584321
0
266260
543970
789681
0
178408
935099
0
55797
43878
0
280617
0
829968
0
159677
0
0
210261
392195
56337
0
0
315838
94776
778591
216584
63612
0
551229
0
762345
0
0
420509
336309
276795
490896
197274
76593
201988
0
715223
607845
318664
0
214696
0
0
162630
87540
93615
491936
154198
532354
144045
104875
390775
709206
416544
0
0
0
0
321450
362154
0
0
13283
124539
361099
545414
387038
441364
9336
21117
337337
0
353918
333953
97718
180425
189762
68368
343253
16536
416976
218206
471255
0
0
242112
214322
0
313689
0
449082
179627
698705
326637
0
5507
34561
586524
0
184816
87453
182102
667045
523429
539859
0
184154
0
553220
122962
83188
0
363775
67738
207044
36368
354330
405355
87115
110868
239349
0
93555
430223
80276
641096
183160
647473
67650
551231
0
18320
91470
0
455435
18898
0
865194
140394
0
0
408082
374030
344805
236921
0
297451
0
3613
0
0
0
669835
238791
9273
0
259284
536810
0
0
0
112702
0
0
331272
572961
858217
199239
848170
0
7577
11485
320799
489479
0
161226
0
108149
396377
198757
0
65352
784622
0
499006
0
0
250287
0
59994
905834
0
302554
592685
195258
0
0
284218
819767
0
963984
706934
0
420132
220061
10432
254847
96688
5112
846448
0
48706
654712
435189
0
109280
330172
472861
537761
181230
193300
713097
402931
0
19414
0
29813
0
228929
234808
737523
202756
317786
70998
240660
0
52110
179278
4493
0
389650
119758
0
77165
540408
2810
111486
47172
362426
18247
818837
84018
0
0
3397
53628
0
0
994549
342310
313501
815330
199876
628511
91070
68726
235118
553388
341122
44244
964409
543142
219425
165846
391451
0
39027
0
0
0
682955
49021
373248
107865
184485
0
0
456004
0
111365
530281
265907
11603
822928
236073
103281
24874
166208
0
0
10204
571731
189516
156105
225102
0
879670
223324
784903
0
0
310760
254971
174119
79184
468404
103416
663425
679614
0
120784
0
186931
427046
0
50875
433516
308125
330445
0
0
54144
752769
0
69836
457374
0
2175
719574
0
608339
72009
44829
32384
288234
147799
121843
6109
19071
4437
245258
0
18081
479628
440909
370127
141134
439870
200749
163479
483827
915937
395932
52282
257872
109965
0
160814
117404
456126
961646
0
435754
0
509619
117032
531696
433335
342428
568917
125240
0
97508
178108
113016
437993
499841
956095
109944
0
0
233953
0
0
20005
0
0
138166
287915
4709
0
548477
130660
0
94399
209464
7325
22932
544687
0
0
792763
210788
553722
0
39487
0
68037
441849
326115
256479
88142
0
273755
0
0
811165
689972
416410
44167
348905
120082
0
66332
7816
47994
468882
567654
431045
0
22578
57651
56455
0
280309
327274
89586
114267
9808
148213
0
855316
377016
0
376741
410588
70989
432978
884750
0
141908
92341
498193
0
14470
312483
772091
0
177401
97405
0
6045
191837
0
0
110110
0
811096
0
192538
194375
765536
725252
241608
18596
471113
471014
0
137807
474147
453243
278350
0
36581
421345
0
828860
148393
535608
0
121139
88603
0
926179
130166
273024
171364
422587
140777
0
544971
83503
285928
0
512999
0
0
479759
23352
0
0
27215
232713
0
274782
0
0
572009
497328
34623
0
605146
9722
343526
8620
647443
598045
0
478955
0
139259
0
144174
699807
184727
0
178566
150517
0
0
159982
0
107191
429098
0
8118
98949
0
232732
299278
808256
262813
648664
44667
373503
0
0
34317
0
917555
118932
247760
0
297207
0
0
0
312853
0
152340
833179
52887
0
115598
0
151475
187475
0
0
413684
107333
0
92946
0
26850
0
507489
412725
12863
33913
0
68774
0
9842
91201
330591
66204
46889
0
0
42630
87192
4172
0
598882
629541
786267
272744
291519
510208
0
152387
250445
0
871286
6603
147070
209458
0
648500
55716
657456
404175
287227
288553
143532
129142
174790
465579
958364
146018
358508
0
48778
543093
754259
19784
0
301238
0
0
353645
73661
851154
407195
0
527214
562467
40315
0
907024
0
207753
58689
0
475415
358737
651473
47315
208006
144202
412818
0
0
4572
64994
0
80219
244597
22886
0
34001
341588
481638
261980
342874
0
544532
62684
20286
251829
171799
13750
95437
0
246350
361141
643681
0
160135
208760
106977
377660
87680
35997
25646
413808
0
63692
189956
0
162126
484590
114498
0
252406
0
0
48922
721726
461875
319709
0
72
58226
57511
171921
175374
145121
0
332181
0
153404
0
0
441829
4528
0
0
0
704808
59069
0
57889
266558
642512
14939
26201
0
191962
0
601892
405068
463146
384855
188864
213577
237905
813406
109520
61408
696615
0
331322
295323
0
980419
121623
0
0
761946
167151
0
407819
327702
193057
47561
12728
61134
348847
269530
586207
342486
467178
981211
34290
0
366599
895166
134692
222985
11285
0
370401
431063
821542
393124
24386
0
584654
297064
450179
0
0
100204
0
396374
104349
45065
0
23271
24536
950242
42390
396781
0
321787
123010
471621
0
0
186548
521377
0
150689
0
565792
234249
331650
0
102501
245393
0
410779
757631
78184
0
0
527082
152492
0
0
13672
36039
236178
0
123968
0
328440
963180
70026
218203
108865
107315
61468
84251
655972
311429
0
204912
220048
220748
779810
85591
427575
0
15709
0
73394
0
53091
142074
195744
0
0
0
378091
0
277173
0
305552
0
0
494632
285605
387547
51514
128028
0
322298
458325
0
245709
231114
319188
0
0
583467
0
178643
67885
650598
0
15888
492735
31189
0
288256
0
287979
135876
233752
0
11463
198800
878836
0
102517
410878
0
332313
0
0
258108
0
767684
119076
20575
119074
49898
0
122883
0
0
0
351383
328473
584716
0
121541
245532
948493
489955
450564
308830
0
61998
52790
449733
333805
111379
234889
5101
436962
262442
49075
0
384714
0
580586
416162
10791
0
0
240318
0
35096
383106
0
0
686971
0
0
81030
0
115609
98130
520357
157654
40171
364788
76939
392255
0
213656
396163
0
0
62147
666059
42760
97947
238401
252714
52313
0
0
0
0
0
306449
460462
0
0
0
0
0
167827
391876
516152
887521
36901
16659
82862
458321
570615
177458
0
0
154716
138005
373361
116947
0
836233
568411
181903
0
137747
213801
17272
0
73086
243832
396208
0
258460
0
0
0
363772
0
485960
770356
0
239394
102711
198556
403542
29375
14884
705080
180823
0
1496
382542
317501
124857
420438
353247
19528
0
0
0
275488
143673
150484
0
373387
0
135910
442867
0
92892
0
781270
45344
0
134215
328394
255205
661891
0
408672
0
800978
0
64905
0
419311
0
256154
875841
890756
106396
0
0
41855
127520
198811
876968
257825
0
97483
105848
0
24716
0
0
52461
0
0
0
0
43597
0
136896
717441
153640
418225
0
0
0
426677
416414
496823
31532
0
169200
0
64973
302902
0
345267
0
0
686480
271030
0
0
730956
300283
82538
482347
203180
9913
218200
0
521897
547172
0
53660
573331
0
419180
174754
0
85307
0
440943
14519
445819
0
174738
494307
603501
50976
0
0
47168
428351
387207
48229
665572
185966
8696
391924
0
139468
304136
118151
53691
16367
0
38332
0
0
0
0
69331
324403
1011
309474
57905
0
0
711950
99668
0
19616
179523
447776
111859
385895
308799
575807
0
13801
258167
789488
268114
0
10797
0
0
31335
0
299364
181703
384131
0
1214
454624
379488
136241
0
671459
116103
0
0
21250
132311
0
0
32756
86996
0
0
0
77309
0
59346
0
890694
15103
727025
272641
0
697771
396787
0
0
17243
23442
0
303418
221853
318684
986
0
163913
0
488971
0
0
684133
96225
95960
0
0
0
168562
180789
66098
75860
201053
493278
240873
178832
126567
0
275468
984827
0
29744
183811
0
0
355198
338875
295566
661024
210460
12322
23363
0
0
266818
0
179843
0
143375
369690
38469
119473
548566
268139
81633
30562
1398
544106
0
0
127866
0
0
128510
188866
123911
0
0
599914
704107
459168
335194
676341
148841
0
345334
0
19967
657458
126989
211568
474720
111582
0
793418
182309
0
143252
840890
0
0
207260
545310
0
605627
0
140897
332498
428813
196239
329096
0
320237
662616
12423
10240
0
5230
0
331306
448571
106795
898600
483073
505704
60720
728011
0
673763
0
215446
437015
502341
110965
0
398794
884313
455952
555321
69152
564498
65480
463244
0
335319
0
144729
276325
181931
0
0
412785
143237
25645
82687
0
0
223369
454492
207098
261048
676517
0
0
412934
252783
770634
94791
0
0
113764
0
275445
597469
83373
88525
229994
2021
0
325230
0
136609
491503
322376
887824
0
666383
0
70518
37814
151257
0
0
7539
558270
158527
0
174707
495420
60517
0
0
211632
0
106878
0
163952
0
667395
263398
3660
0
11052
0
41398
0
0
0
640821
486371
294075
105306
0
0
0
0
5858
0
131531
303613
8646
886155
462942
88742
0
24182
301933
0
493522
0
143125
12583
0
772139
304539
295384
0
480267
0
0
32285
0
485465
127182
0
7331
214313
0
783272
0
179372
244152
95889
562093
271248
195397
397882
191131
184405
114074
180041
0
415484
46672
206849
0
283325
158836
273770
507697
781458
0
654103
93175
0
0
0
106762
191124
94374
376903
939067
456836
0
16117
136426
323282
0
437425
56318
265233
12165
159154
0
80020
467579
0
423447
109509
272762
0
0
595417
501190
862759
9079
384355
222049
410069
28280
308505
0
180187
57464
0
0
336096
197306
110854
61394
0
0
385086
0
0
0
6801
598953
327880
0
0
0
442697
2248
0
430579
0
32016
0
557239
523041
239271
98255
281083
225302
0
167986
52540
424579
73340
15531
762526
107393
245738
31338
30305
30345
364231
195506
0
188039
369681
252427
0
0
21003
922196
305231
64021
0
0
181738
37072
0
632422
0
0
212454
122881
611161
15248
176754
0
4756
780695
367334
457399
0
66595
0
0
0
617289
5424
0
0
0
0
32528
0
149876
427694
44307
641183
262521
77936
0
0
471263
77276
0
943941
0
281507
0
0
17672
0
0
734627
246453
693238
152513
138655
134305
0
22312
352924
307301
111987
463314
962286
0
64153
0
247549
36944
38350
223341
196952
5633
30834
489153
0
131253
725853
75762
243796
82321
0
265505
21444
0
0
0
367700
325296
0
156588
34184
402092
54138
111607
0
0
81236
0
81334
87162
0
286705
90013
0
529986
102268
0
0
828599
0
307949
683197
20611
88942
152513
0
0
105302
136269
122610
0
183333
0
0
533343
14970
0
866886
240661
780464
497040
107613
0
666237
0
0
258369
0
0
0
0
0
741872
404084
56823
23048
203722
807038
30878
0
0
163608
29975
68143
293689
0
19102
0
0
135694
43652
222219
0
335848
30308
0
279431
0
49503
64643
0
129301
162331
107558
466619
0
312551
628502
377804
513976
0
0
0
817595
171808
738366
523514
299157
19803
0
564807
185016
2341
108387
17898
506647
15431
105035
0
272089
262798
0
449174
359273
81684
0
480566
0
0
73966
0
328042
673135
0
122583
346000
193623
264262
122462
60943
798297
673488
0
0
0
0
306463
0
0
37720
543631
128354
318168
0
385554
246717
0
0
123852
42036
0
926088
109863
981839
0
96586
136427
0
608392
250183
401774
642162
2812
63529
71280
0
542138
223541
0
548966
16535
290582
110743
196500
364550
0
18916
430903
487641
148636
219744
457917
0
0
0
46245
231630
0
41633
15881
0
102540
148355
87831
0
0
619001
624843
86659
243369
569833
0
284694
28022
0
0
206911
11205
329797
38933
65480
463835
107536
460158
209286
62918
0
0
134416
152940
93701
299511
260493
500779
243736
101769
0
5947
0
255122
167706
18678
376331
63994
276370
278211
0
0
21107
0
806875
0
0
21517
217760
82416
279570
34672
0
53963
206167
115025
25316
51875
38297
456935
392512
648849
126192
300372
636789
201376
0
428312
422659
0
80327
392711
0
128839
147693
62481
802675
21928
0
48780
301848
551914
53464
0
0
0
159131
0
8538
33092
155851
0
0
579405
443290
20248
201923
30991
0
674158
0
148735
0
0
162338
0
73034
47409
615379
347384
139701
914462
0
15397
3725
18804
289609
0
167818
707847
306798
12920
0
657294
338677
795134
46758
0
540869
576
0
198447
63000
494219
800682
434676
107068
96666
0
0
370077
0
0
13479
193454
441875
133648
468244
327574
0
0
1725
0
0
214420
196914
67492
0
227389
403099
0
0
0
0
0
0
0
317794
4932
0
588033
0
538805
412559
100483
838360
0
0
45904
125670
0
0
47585
552246
654186
99876
228749
49640
76405
44718
0
7577
0
0
70443
700999
11915
511122
11000
800690
143980
39066
472414
58089
0
204312
0
867279
516247
0
30156
134525
568718
0
0
49115
0
0
163633
172336
0
32804
27608
79237
351235
250903
92338
687056
0
717862
0
0
0
588678
52707
535368
0
585574
176607
94036
126283
0
188324
301132
0
234222
0
0
306994
0
0
325013
0
529056
557829
956278
0
65622
136213
37901
0
719621
26309
0
304023
0
0
189610
0
0
348188
18820
119945
0
0
0
0
0
322746
0
89719
33765
0
54708
397206
46187
0
183860
0
333277
0
765410
295514
0
4628
403013
193335
625189
0
650905
42551
304754
294483
479616
0
0
20374
0
180493
0
587952
165527
635602
0
0
509813
184910
915814
0
0
0
644913
0
0
14043
69001
769230
205626
190282
104274
0
748579
72584
169583
604554
0
131217
274408
0
0
0
0
0
141245
0
225569
96533
0
190265
228031
0
0
217013
606390
533559
20983
679293
121803
131076
465610
0
28612
0
0
202796
31120
275681
383598
490309
0
0
257219
154832
210923
193815
0
371335
98715
65127
0
267701
29130
141318
12286
729014
0
251333
0
168217
0
380095
437396
25594
232940
0
0
0
64602
0
363105
438749
61352
329792
388560
325991
0
121216
0
233386
484344
0
411508
6793
489378
68069
0
0
0
0
0
0
22482
0
366715
103406
0
83243
0
668532
164683
0
0
507874
21040
0
89974
0
876138
0
165202
0
0
182560
22854
0
126719
582658
379446
0
0
112067
291801
0
0
398329
0
0
199596
168320
0
31369
269026
559502
0
835594
0
236341
188504
88315
48957
0
0
88604
160946
151778
518834
366372
553091
580997
0
15918
0
0
264471
3173
0
0
326209
350662
247915
25501
0
0
513607
119740
0
0
487745
0
220216
326423
606655
20938
100839
0
366731
348210
730295
112418
1827
0
9561
0
676481
95927
144389
66486
28861
0
193527
0
583279
38632
18833
0
173874
22008
107671
162600
673662
0
0
362960
839553
0
322395
171487
263292
582989
327761
168115
0
164269
80953
0
0
99393
28206
266370
44584
0
87553
669551
0
0
0
499273
224836
362727
124079
0
163352
62659
26350
113983
0
0
0
92514
441782
0
0
0
0
6438
0
637076
0
136852
99839
598185
704674
0
185830
0
0
202450
0
0
154642
89987
0
208796
166101
247080
481198
80425
415776
175588
0
84949
206693
358168
116289
0
0
380526
0
163489
34304
24087
64058
0
246951
86761
0
328314
119311
189516
460476
129675
253218
456317
74830
85156
111107
21853
27010
0
156514
0
971674
331855
44835
0
872995
92002
0
0
0
513929
225923
0
0
277323
306543
0
275580
0
269731
842131
58915
25829
80783
70882
3162
564419
913095
0
126348
126120
357040
744881
320405
843802
0
177144
317784
0
0
390789
25803
746755
472048
0
19061
0
0
0
0
450410
0
135802
0
0
361480
583184
662358
0
339043
118496
0
421288
68529
208447
129186
0
134824
0
113321
0
0
0
0
81894
0
0
323089
44328
586478
74251
648696
0
176608
0
0
149215
0
95705
132131
0
66857
84178
67924
881440
91484
28993
269125
0
0
422028
420047
167661
801099
0
394356
0
0
0
0
117302
92146
535023
534803
21263
0
32428
407866
176930
47312
0
51465
301919
0
0
0
9759
0
0
590739
156140
97608
38596
873489
270421
0
325585
0
514283
365457
886890
9614
0
94879
12399
476605
0
232634
15188
151423
0
5071
81142
51426
0
0
326136
255830
192765
41705
770877
303331
142639
0
0
8005
0
135394
449191
234254
206020
178695
103766
758735
0
968091
226641
0
0
18577
423107
211580
0
326562
398758
0
0
189759
0
0
494760
0
815220
138343
0
0
0
272350
518854
0
100303
0
0
0
0
299013
0
284606
0
0
193683
0
342419
0
77416
0
0
0
0
36567
22460
0
0
0
222282
104749
0
279652
0
229610
98061
0
268024
223415
267086
60793
106457
47886
247896
199777
52129
0
108022
0
576377
0
0
91532
0
0
0
79083
0
0
228784
191487
0
560108
0
351017
267010
0
162528
0
0
90493
0
22188
36704
110330
0
341306
0
411908
214177
369081
284919
40540
770468
0
21170
0
0
46471
0
304530
192637
6085
0
455597
0
0
395670
124618
220046
499300
0
151615
173928
291521
0
305864
762904
157226
812460
443848
92073
274924
392211
176155
349277
84134
585471
53362
450909
0
0
160812
61818
177783
99051
9407
0
0
360630
0
187021
2699
122516
851506
986
0
11442
21914
264962
488550
131652
12588
0
466179
0
820605
131623
960281
0
0
0
144790
0
292032
74761
0
0
0
148782
424020
564788
0
26055
137851
429616
112084
0
44097
318492
26867
10048
250835
106273
102785
138290
634344
0
0
151038
0
0
41903
481788
273535
0
360481
0
0
0
0
0
134621
382179
81260
0
26207
0
0
779445
29436
0
482589
0
417348
515000
211373
0
505249
37218
0
576607
465857
308110
0
45307
0
28364
24652
541281
0
0
310746
65845
31830
0
369553
107303
680603
138284
313196
359694
338066
0
359346
0
0
396535
148016
348819
98254
546336
225509
0
18105
838161
0
145465
0
0
176132
92151
0
540883
0
0
0
0
357096
0
0
31758
0
176811
46747
417511
0
0
315426
0
0
205884
462624
0
0
66987
360422
0
0
444057
330824
0
0
0
109768
30576
0
474476
8593
0
305965
0
855361
0
234886
83893
0
418050
95306
0
0
167200
24452
368640
0
0
0
822233
0
0
225451
0
291495
879313
0
54307
732133
418619
114056
0
0
0
0
0
0
703932
0
80128
0
0
155687
77102
0
263252
155484
19134
0
386967
95629
0
111794
22214
103303
251144
246164
304305
0
0
0
18437
340585
634774
118101
10777
144578
193529
348497
311759
198038
514582
0
660193
130082
155403
96470
30850
101322
0
583013
0
79706
108959
0
0
1291
84578
487946
0
292479
305553
0
0
169613
143419
0
174488
101063
0
326540
95095
187620
0
434645
0
0
62252
16133
87995
32818
101392
0
0
17744
0
436052
139906
0
612570
0
17851
276640
320924
0
814020
88405
0
691410
82680
0
0
200691
28905
73125
0
0
64058
0
93218
0
101663
0
56606
81037
560472
146559
0
183371
382030
0
0
532919
0
0
0
635165
107703
142253
616550
201721
92852
415980
883894
243933
107708
0
149925
440396
0
340920
156516
482692
0
154288
41470
585151
0
98972
411180
99847
94910
307572
100867
0
85346
0
716811
500891
0
29030
328655
85681
149564
174233
0
0
65697
0
243494
0
301858
37802
0
399651
82632
0
0
199955
0
19724
45921
234798
348553
0
0
762531
11641
0
81117
166656
0
0
73774
356671
31552
376712
0
195324
97153
0
10666
100835
741709
0
0
95122
129450
825079
0
328973
0
69671
0
120357
121165
0
219408
96855
494866
13008
0
419194
616647
0
44482
67572
28544
71246
452163
87487
222650
70838
236895
24006
58401
407574
86634
101308
348179
0
320304
0
0
248039
141228
0
139168
489553
540331
1854
105873
0
33818
122105
13259
349698
523627
89611
0
0
0
60503
0
156649
0
294656
450738
35306
219146
0
167885
296569
0
0
0
155459
135107
498828
0
0
58166
0
364586
0
172769
747610
80219
0
0
0
0
0
24856
606305
21794
0
102460
0
255530
102085
290099
0
0
223860
0
0
0
70562
0
0
0
0
77848
0
481376
8019
261811
0
1763
656437
824143
549554
378050
247076
247907
335014
0
0
728060
0
0
192948
64366
0
194848
129733
377634
16993
0
118565
0
224790
261497
77309
153792
7284
210681
157268
168029
540916
13755
172779
0
857506
0
0
0
0
0
0
0
381563
0
82821
2098
968824
298212
400742
628961
0
0
0
271336
0
895358
185935
41545
528323
0
0
76059
0
168062
0
14446
60541
0
33038
0
413019
0
175948
424940
15735
4082
0
527372
213414
580617
101490
340372
58384
0
262291
912626
293470
0
3252
87796
0
206812
0
0
217243
30523
16096
0
0
0
255932
676387
0
0
0
0
132231
0
238793
0
0
387755
0
0
460727
300376
0
0
0
0
0
0
0
345765
0
110888
45592
0
102596
30226
119848
1896
241369
0
0
624011
656034
0
312172
347463
811695
35540
133119
405543
0
199535
381793
0
553213
151935
0
166631
73758
0
2067
25939
366577
0
321071
0
51254
64214
768221
168151
0
0
659529
58412
0
0
0
0
404032
308546
76812
0
8626
231029
805815
289287
0
444875
40014
0
364964
420878
0
0
0
0
0
0
265151
0
160190
0
0
30136
0
656326
0
0
0
97995
154731
376436
0
0
376214
282929
549063
665156
0
0
538048
341127
709699
496783
455875
0
386673
0
832611
200497
0
29431
652773
140467
0
107520
253777
863543
0
0
245164
67973
0
544185
0
0
0
0
70775
301867
125406
0
0
94026
282390
310213
44444
640639
689886
0
0
2809
326653
185725
0
0
433851
0
29467
0
0
743418
355204
142137
116199
0
62820
0
0
89765
6784
0
335921
624370
374041
560014
11457
0
0
0
363663
304881
519240
404417
113613
0
241936
83562
0
0
109724
0
68450
442048
103301
494298
5519
417044
0
154545
702138
17154
0
42301
30703
0
117293
0
0
0
75833
531141
75019
0
328436
26226
563696
0
327618
441209
0
0
0
0
0
142248
0
0
0
0
0
0
0
0
0
0
216055
333521
271821
167959
0
103631
0
607933
0
275920
0
0
284516
0
0
0
0
273867
697584
117075
0
0
0
0
232580
124031
0
757625
459376
0
608471
0
0
249083
0
48936
0
80481
194700
355362
0
0
13471
0
157136
0
0
30320
0
365375
416265
542653
21934
0
342650
0
0
4747
89750
0
0
0
0
0
190427
0
0
19280
645392
234563
0
0
217942
173440
162883
258158
638981
105306
379217
823190
0
12364
55861
0
320696
38365
57258
158957
240090
0
703916
48305
528907
320812
821919
243815
552753
40500
126108
48799
0
0
0
0
0
888196
22341
0
0
164254
0
0
0
291010
124163
327741
0
15775
0
321795
139119
194501
225720
47404
101397
235827
0
0
0
0
281718
0
150380
73302
0
52278
0
797558
0
186643
449314
303662
401099
0
0
0
0
0
46456
161194
215192
557299
0
106802
0
0
0
117649
12134
147417
37878
56518
3302
0
36514
71275
300278
67238
236001
0
702596
110106
254758
13820
739102
116126
493349
329894
0
275888
252565
0
0
277905
261552
66290
0
358108
20310
0
127838
0
0
70307
533698
257243
98371
180583
0
146211
41246
342849
0
62614
0
541823
584548
97044
0
145076
213623
121149
795083
51038
628978
0
94337
15681
0
0
63270
0
0
40249
668842
0
0
61380
251574
102465
472810
371565
341495
0
213916
0
0
295060
62740
0
0
121286
523081
0
34208
699626
465176
262902
194666
104042
165296
336477
0
275882
0
0
0
0
817599
57074
833689
0
177951
0
0
177551
0
87223
0
207681
211600
506806
132570
0
78541
302768
0
0
459591
130073
0
148294
564143
0
52748
559680
521513
216605
31437
412481
0
700199
237833
90024
52502
0
0
82957
691605
827311
162448
0
817998
9110
274884
0
260580
0
12844
0
368653
0
599656
164199
208761
335386
0
677006
250528
11238
324657
0
256506
184154
271317
475441
0
0
0
0
0
151588
589568
12480
0
207566
0
284309
0
0
0
0
556547
0
0
412
0
422290
0
206129
0
0
0
133843
133468
0
34655
299878
0
874089
83704
0
219933
0
134099
192895
59868
723286
0
0
0
0
0
49010
92780
280489
400119
50454
0
0
278457
38266
34909
32244
107293
722442
0
414152
75284
28520
319444
426842
0
86902
0
0
0
254670
0
0
344050
103347
53873
0
0
0
294379
5721
16244
0
362039
0
0
840965
0
102118
719072
0
631930
348074
5241
0
62198
0
53880
0
602773
109728
328937
0
0
17915
0
0
0
758073
7576
8604
300424
200804
0
39552
303778
223455
4577
0
148962
172164
259822
163083
225006
214643
48893
14389
0
0
81069
0
0
0
124719
0
201866
0
0
0
89637
0
0
579885
427088
99655
26246
0
0
23841
0
0
0
36484
0
56063
0
352924
38974
0
402001
0
115751
0
391872
103805
65391
109197
400392
0
0
0
257796
0
5634
0
153081
325226
116550
0
225685
0
978361
237330
0
0
0
121225
156518
263676
323253
248155
0
0
0
19018
0
262154
167616
839950
0
78811
0
460626
579964
0
0
0
0
0
0
0
107714
0
137679
194578
183306
0
162049
589116
0
0
91050
220368
0
345262
0
0
504511
0
0
0
160160
138234
0
28706
0
108112
116397
0
0
0
117033
537520
0
0
127406
0
359285
123378
0
213607
0
0
974728
0
0
0
0
0
368692
3135
0
193026
644402
0
0
9090
0
384739
506856
0
0
144025
0
0
8505
584832
0
0
0
294572
222165
0
203645
0
513645
52714
259879
724699
77468
39543
20163
234810
0
85392
247760
188267
0
108192
27696
101063
0
9060
0
0
0
83743
0
0
336226
58417
0
234988
333376
0
0
0
99662
473740
0
620031
0
480655
0
80617
0
178521
62414
197625
0
0
617459
0
402339
0
0
126826
444961
96785
0
5744
0
0
310276
143349
384463
330607
0
0
308779
446730
0
87416
22603
539930
179049
2630
0
586832
29022
152927
0
324458
60426
626729
0
300912
128329
592377
171424
0
0
0
257836
6483
83798
190284
0
0
133740
0
80852
254628
0
66084
0
0
812384
18957
0
0
0
0
0
68770
390631
65129
128099
0
0
0
0
335069
170131
328904
194882
0
63277
0
811672
148381
0
276792
0
0
593756
176551
0
304313
30192
0
0
0
528905
0
645303
0
163343
137953
0
4476
0
101198
134699
13250
0
0
44097
0
132119
0
638960
283701
423328
213335
152463
0
22026
0
719903
0
0
167696
0
537499
399035
459294
334895
22823
53759
0
123656
163546
100719
43711
0
207395
0
143390
338478
207374
0
0
0
105270
199701
92008
0
0
529324
0
0
316771
0
298357
0
231286
183574
0
0
38907
0
307672
134772
0
0
339189
0
0
272597
403763
332384
94973
0
0
0
935194
0
0
12715
0
0
188168
683554
779781
180369
87163
0
457530
43920
0
0
0
237584
50508
0
0
0
712280
540908
60752
440077
157399
0
0
0
20205
317660
0
0
0
0
0
0
180911
19942
0
0
5187
286119
0
108497
0
0
0
454075
0
551480
402031
56717
988954
468683
8883
0
227102
0
0
46394
0
224027
185386
0
0
318676
76609
0
446390
102580
48410
259204
0
0
111340
0
0
50952
0
0
0
156108
419767
0
151926
131910
0
62766
142141
246130
284709
0
9683
26098
45843
656993
0
0
493000
15671
0
502583
335087
0
0
73322
0
0
0
497688
2146
445961
0
0
56217
169323
85013
330729
0
750300
0
14041
276836
3988
192340
3739
373099
0
0
0
115304
189589
0
210462
126365
0
67520
0
200119
179644
101295
215150
0
0
0
0
180745
0
370705
0
0
160536
254419
0
0
0
462459
0
309323
208976
0
0
364456
248775
222572
0
0
0
0
288419
407819
256825
0
173665
139333
139618
254240
95847
0
59008
0
307174
0
246723
298886
517954
9539
0
58269
0
117296
722842
166296
216510
0
0
0
175896
265441
0
111379
0
480478
376153
374170
0
62931
192800
0
480022
0
694778
0
0
199135
205098
619290
192401
98486
394271
0
0
0
459493
0
0
943710
286951
0
394050
0
119988
0
0
0
230382
82206
178794
255448
328223
134010
42974
229601
0
359090
220886
417603
370012
0
325105
19833
0
806019
26915
462126
0
261794
0
61693
146170
0
86507
76007
88084
0
0
0
0
0
0
453292
132859
22188
356755
216521
0
83029
208
0
57312
0
65945
0
0
546871
78171
57769
0
265937
553151
0
0
0
101768
0
350201
107605
0
0
36391
119291
47437
486177
309917
0
193987
0
92013
0
247405
139143
716413
366317
279887
149084
0
64332
0
139546
0
0
0
0
545942
0
205126
436258
332282
137666
3877
0
0
374633
108331
1760
0
74269
326093
0
15643
0
0
765344
497308
0
0
42248
315345
681610
223622
131644
5873
0
0
366970
0
0
0
0
437252
0
142602
0
92130
38583
252879
0
659303
374168
99686
373531
419688
0
98649
0
45027
386901
0
0
267229
0
108157
404770
0
31328
669448
290735
0
32963
0
239995
0
0
796318
65081
49457
0
445142
0
221919
293442
0
0
217258
0
0
308371
78701
153641
30645
445364
425657
241789
0
332666
0
288334
225682
29000
263
162459
107326
408867
0
0
0
41155
59574
83432
0
0
325113
0
12587
76114
0
104217
126700
0
0
0
0
129307
843280
0
0
195015
18524
194337
467827
418568
93250
267472
201806
0
0
46131
289226
77932
24659
0
84464
0
255970
0
105505
36305
293479
307207
30449
0
47193
349026
5144
286195
0
770832
196153
464895
176225
282227
387706
0
123650
0
352238
414903
234715
0
0
0
348734
0
580099
0
0
0
420431
150951
0
102516
0
0
0
214792
0
671588
28234
18270
0
39698
0
0
536931
0
120848
0
518007
60080
0
223659
0
426929
86018
14675
438297
45144
0
0
103362
51573
0
55643
0
0
130551
0
0
89528
0
171865
181729
0
39341
0
33037
406562
219717
66666
574258
227320
0
0
28061
0
0
99470
9708
370792
450147
0
220814
403489
0
0
107329
154564
0
138126
0
255951
0
0
0
0
168909
370048
314550
516365
109482
0
609263
853490
0
133681
0
0
79776
0
0
5410
232324
523980
352578
24973
13227
50835
293287
0
17010
0
0
0
445900
547302
89961
0
0
0
39158
283086
69082
0
0
186485
675471
158033
120600
43497
68400
0
0
352109
140295
828531
132292
196050
0
0
0
205082
0
210897
351123
57652
260
150550
0
0
354728
0
0
142186
410646
72820
0
0
645346
0
406361
291532
0
632564
0
0
0
0
190472
428982
83202
0
0
0
676841
174245
0
0
0
159433
0
0
0
123074
136052
0
13599
0
43920
0
361940
44817
0
299187
512108
0
0
0
607845
0
0
0
219674
134557
0
0
476953
774289
0
0
178222
0
24900
182335
26708
0
368337
0
279922
0
77553
0
852959
411850
0
0
0
0
165455
0
86892
42384
78536
0
0
281978
73462
0
6894
620137
488428
742025
0
0
114927
0
574773
0
0
712149
0
0
175336
0
0
0
0
872434
0
57469
0
0
0
0
0
46327
0
0
0
6404
0
254838
390303
95730
211005
91348
61257
0
474679
42328
494538
0
0
0
230482
503427
556581
0
0
322261
5684
197208
0
429671
2502
756167
509552
34704
0
0
0
100570
210499
0
689682
0
98635
0
0
66298
0
731140
90045
0
0
161553
0
282983
0
0
383284
576882
0
0
516194
892910
0
0
132942
0
201294
0
164771
369021
278435
219721
0
423910
114322
5530
0
163455
89735
69918
178220
223548
9941
0
696753
378226
648700
804695
0
0
0
0
692545
0
0
65663
0
63260
331545
0
78947
159245
683731
0
0
248281
0
47361
0
0
809159
0
481435
0
383679
122216
0
0
154559
0
0
0
33646
220956
0
0
304031
0
0
0
0
118657
82944
0
533841
0
0
356761
111674
986
0
0
187832
721148
85991
0
464308
0
97732
183894
29614
0
0
0
178836
0
107073
0
174702
801179
0
189261
716162
492362
0
0
0
0
356016
228829
0
176696
83857
0
0
0
791668
306780
0
208303
0
134146
583795
725955
416227
0
40148
204150
563242
302221
160070
0
468748
131688
141679
326566
242602
0
68939
90831
29215
0
0
745243
0
98543
27418
0
0
148119
26428
0
44952
0
133255
486645
273054
4865
0
0
0
0
13989
8685
0
543455
0
0
0
0
367638
0
0
258804
57488
206713
0
0
286562
8044
0
536265
25849
0
98734
132471
0
230035
660971
242244
5980
344134
0
305310
0
107558
163659
199117
3308
0
44976
117820
0
7061
0
0
633404
111747
0
190335
659148
181223
0
0
0
915552
96379
77243
0
0
39262
0
122955
64835
0
0
336625
55681
0
0
496017
91513
19058
0
0
0
15498
4451
65044
370033
0
15445
0
0
12293
0
0
181177
103843
484132
384331
306168
164419
0
746380
0
0
259404
167221
423322
20152
189236
64224
0
207102
291530
5188
0
0
0
0
185932
0
130503
0
411600
0
104380
604987
0
0
164142
203834
0
97710
180106
425942
0
254342
191443
242099
0
0
157466
140515
315348
0
171126
0
58567
0
239233
28413
352475
0
5638
0
39918
1546
0
126356
645372
24806
0
0
223926
0
72033
0
296645
102172
0
0
104425
836953
0
0
309994
0
403882
184653
291212
111668
443822
0
0
115501
179885
227727
0
0
0
363286
161990
73685
20703
76269
0
157724
58247
83368
397951
420554
0
0
0
0
0
93450
253984
0
0
41953
0
44137
235050
147334
0
0
129099
0
0
0
65084
11230
0
0
0
0
161755
233692
0
0
0
0
303303
0
110731
152847
617215
0
0
0
0
646826
83753
57015
71701
0
39712
109337
920758
820298
628171
0
0
290347
257051
0
0
0
0
0
241015
0
113589
0
0
0
62144
0
96283
351049
0
0
26562
321704
285764
190196
165539
0
0
317076
0
91004
0
123599
349785
145940
0
0
0
0
0
0
110346
280550
0
0
41751
0
0
623076
0
0
0
866441
625730
15923
117941
0
41073
0
5432
0
6062
0
0
0
0
88219
239261
382565
248779
0
229501
0
35730
0
0
132614
0
649242
232047
165727
0
344077
0
400098
0
942549
0
219094
435422
0
0
0
543929
0
889439
98991
38029
422824
0
14297
0
0
54958
0
139797
0
171994
820161
575934
140349
194903
120718
132956
0
0
0
382307
314559
986
113749
0
0
175529
98261
465156
162245
270680
55336
0
0
0
447706
19935
0
0
0
0
47940
0
13523
69976
262693
0
0
495854
70379
646594
0
479776
0
108038
0
80176
188950
0
532808
0
343288
440758
0
35134
0
294647
0
0
0
0
4936
475372
220327
0
0
0
351650
598598
363057
0
108223
87294
578990
366722
0
167713
655449
0
46626
450120
563669
0
420123
88220
0
0
0
0
272733
182190
191169
590800
2271
613927
123384
202876
0
0
166344
0
0
300422
43882
302717
31582
0
29220
0
215559
640444
8940
41795
232518
109155
73763
0
184147
0
689995
0
385625
0
0
0
230584
0
330539
540177
0
130672
311024
0
80023
731489
11708
0
41222
736110
604233
0
111885
0
0
0
0
59323
156207
751664
114519
204217
0
459161
7284
580589
60739
0
276768
380231
0
56138
0
193882
0
0
7315
0
325297
436075
9699
81154
477575
194018
0
401270
0
0
252737
429197
0
2945
410145
0
135439
0
424191
338110
2477
53842
0
0
0
28622
362342
22240
0
240724
0
0
0
0
0
716356
0
610869
0
0
0
0
0
36919
71341
0
504220
0
0
0
17504
247952
0
0
300740
0
1869
0
337024
994182
0
0
271831
0
0
0
100193
246865
0
0
30915
786785
639912
0
53951
89634
0
362709
84908
0
161374
209852
215327
0
119211
346754
0
221960
0
0
6880
159351
471397
0
567768
31568
0
33348
355461
0
488230
0
0
244556
604757
130985
282619
838543
576145
0
0
249412
0
0
212804
0
177121
0
0
180999
0
503611
0
110111
298914
0
0
0
181151
189699
114114
806877
303571
0
0
30825
111759
0
0
0
0
0
634135
0
459880
634235
0
130004
765578
0
0
98815
478812
0
175197
458328
380147
207940
0
0
384542
0
0
21043
82391
179734
291627
507325
253414
0
27762
16179
398930
0
382495
0
105692
0
30842
463469
537890
187897
0
0
0
0
473740
0
0
0
0
37005
650860
0
0
0
638942
132276
303000
88818
482278
0
557834
0
81997
0
0
39373
149328
0
423167
55349
0
30109
27649
0
0
96245
970318
172452
16624
0
0
101020
0
135933
254902
0
231970
411800
0
144303
0
714664
559610
0
0
84563
0
0
0
883856
398635
0
33931
0
0
0
0
115767
0
492102
89450
0
84265
156482
0
331547
0
155469
367078
0
0
0
252580
737804
0
0
550768
0
241844
0
47626
665891
189715
0
122395
53983
0
628478
0
68841
103087
325459
0
105484
70878
669446
0
0
0
0
137012
418898
80995
545902
115662
93
290743
0
0
597563
0
319025
214800
0
162931
0
0
320128
14475
244677
0
412102
591155
113876
112956
301070
0
93733
0
0
0
0
426328
0
62012
0
268982
0
667106
0
99042
0
0
0
0
151832
0
0
193857
0
80408
0
131733
0
124230
0
7736
63097
0
158886
0
0
61688
0
484700
85175
564865
205327
0
57027
301190
413921
260049
0
0
0
9608
221452
234730
259510
0
80573
0
0
0
0
0
0
0
0
284981
164798
42017
0
266315
0
0
0
0
0
588798
0
0
588054
0
0
0
396359
507131
0
0
267843
50743
297112
866304
25430
216399
353069
333196
198919
119006
385076
0
0
264285
177980
671097
0
0
0
0
0
56813
0
0
0
959183
0
0
173638
24701
197721
257805
0
28378
0
29357
0
0
0
127426
134669
125902
120116
0
0
396631
0
155410
110176
98327
0
450722
304385
142378
36515
320079
368572
607537
72168
0
232059
40778
0
0
40373
267674
0
0
0
338716
0
182764
0
0
0
0
305943
0
193899
0
0
0
639426
0
0
0
0
586048
257791
0
445081
186699
0
520332
0
160833
159919
13004
561250
50702
132039
200479
196816
60744
0
37441
0
2423
36504
0
0
0
573528
144608
84256
0
232073
307233
22693
0
35497
0
320935
36517
0
0
0
59638
401947
144502
86194
393627
0
0
348587
235435
0
357133
0
182919
0
0
281591
0
0
34499
218090
467064
67296
413524
761282
376416
0
291875
0
803005
0
40652
0
11155
0
0
11041
0
0
93011
90609
0
83842
0
220601
25817
0
259691
500072
0
295934
544878
0
0
0
0
0
0
0
0
122905
0
0
0
164368
30939
0
62393
316692
22212
305032
0
0
123215
0
233880
634474
0
153252
0
587688
0
6732
0
385594
0
0
0
14122
280596
7944
0
163329
27964
40859
0
0
122519
126002
22379
297136
104887
0
0
868091
0
189799
0
0
0
0
626787
163333
0
510723
0
84507
163749
701392
376678
97881
0
0
90263
233665
617886
0
764056
454844
0
10680
0
0
248332
375257
0
0
69584
44563
13170
0
129859
625343
0
0
344297
0
41159
0
240896
0
0
0
0
0
781974
91794
0
6661
120613
0
0
0
0
0
0
34063
68421
0
0
0
112861
743369
126170
251427
0
118399
115252
124449
225122
0
11585
0
0
664581
784607
446857
4137
0
0
96470
240961
455527
88288
66817
454964
57064
0
39297
0
167473
0
20649
0
0
0
303709
159829
0
526266
79111
283452
0
495414
0
395336
0
141441
0
0
80533
0
0
0
0
0
226782
0
441987
0
330401
0
0
0
0
161121
2785
186299
0
276375
0
0
0
0
0
116430
441954
644945
144729
47157
0
89636
0
0
0
0
0
253927
0
743160
0
421727
0
0
1784
0
918969
166731
494278
0
0
745715
381851
0
379696
189608
883186
0
0
0
0
0
77102
194372
0
271651
0
0
0
6234
0
0
63429
0
123478
242784
276190
0
0
0
0
0
327678
150598
547931
471883
623186
147471
0
531071
108470
0
0
0
436265
416150
53189
0
0
0
130196
503262
374716
0
43428
32005
0
0
0
0
0
847946
888043
0
0
248288
0
0
0
0
0
217548
650136
0
467402
0
574160
0
0
252762
173068
0
24339
0
0
0
0
0
0
0
109933
0
0
0
262507
0
0
448834
548345
0
377785
0
0
707347
16900
0
332172
0
0
0
0
0
0
401203
880646
9584
130142
159858
38319
378038
0
44154
325842
398658
30541
0
183419
196958
94194
0
0
0
183484
0
471893
77781
380965
474329
0
0
0
173283
116244
0
0
102360
0
212389
0
45731
250017
536291
0
137688
295413
206051
238273
0
21000
0
0
47425
0
0
486907
490489
0
185617
135527
0
782706
72993
0
0
0
0
0
0
0
482669
0
483464
0
0
0
695578
0
140610
545735
143966
343471
85474
117530
0
230303
38469
485894
364512
370603
0
0
381305
0
399305
947293
208364
0
86922
209644
279927
0
272976
0
0
212171
0
655986
85049
73941
0
0
0
48313
0
0
0
761499
0
342231
215360
80221
88683
174525
264845
0
113023
0
0
668874
143791
662019
134600
0
1804
774088
0
572484
372662
317501
0
0
225654
780516
0
0
0
0
321542
0
0
0
0
0
0
0
586394
235248
0
0
0
0
442370
287788
0
0
119026
0
438931
0
45318
947910
0
59788
0
0
176128
157929
992456
0
64315
465067
6167
211558
0
0
0
0
0
0
295776
43023
0
0
0
0
0
253597
6602
122462
0
0
289761
0
0
0
235363
162418
0
110969
12001
0
0
0
0
0
140943
417
100796
216462
0
334979
0
232576
189929
0
0
25106
0
0
0
0
87921
0
30304
96108
0
190261
0
0
95036
0
9600
78525
0
77540
299168
13228
12272
219338
0
0
23893
0
138412
159135
188993
115476
573688
232402
40153
66959
0
84841
8145
300234
0
69735
107307
0
365325
623223
0
181376
0
0
311588
288487
110091
38797
179233
46572
272588
0
0
69074
52352
361349
575057
9736
6217
0
348837
83064
393259
0
157542
86718
2069
0
86344
119109
0
538950
0
870184
5164
0
0
136405
68839
803491
432567
145565
44415
0
0
62615
686741
289603
55537
0
281960
223360
0
285549
370060
0
0
0
223164
0
0
871977
0
192919
368808
27376
150194
0
255722
111407
525833
38170
0
0
102632
721049
0
0
0
0
0
274065
122975
647828
344371
0
39221
377109
220304
0
239290
0
0
21618
652433
285915
0
636376
77549
54550
260736
194078
0
0
494000
0
14597
0
0
0
0
474113
0
52748
46835
70059
298447
0
503968
110679
462795
0
0
213889
0
0
50753
53100
0
21084
0
0
290259
28537
190136
327522
0
0
53957
52072
354415
0
433622
0
0
0
687989
234156
524915
0
270450
0
0
0
242775
164409
0
0
48629
3329
247730
290764
0
33354
0
57917
0
0
201111
183184
0
284195
47682
0
0
697461
0
0
303271
0
0
288658
381845
188240
528514
0
192228
0
535045
80705
0
3749
0
320937
347947
623539
0
200977
0
0
69823
67028
0
5610
163422
0
937096
80981
338110
125481
0
91728
0
270187
0
0
103266
0
281180
0
534728
0
0
120470
67418
0
0
0
0
638443
100556
124750
209179
83305
192138
78899
371499
0
135059
0
0
0
375293
217274
9605
59763
0
648239
0
0
50196
0
33681
0
58779
0
0
397654
129726
598103
0
0
0
983920
0
136157
0
0
0
0
182513
36666
0
0
0
0
0
0
90136
0
890497
0
35059
0
214836
0
0
138065
0
320745
0
0
0
29369
0
212883
445939
31427
54754
0
323727
0
0
0
0
0
0
620442
117808
0
0
0
391362
0
459196
0
0
12052
0
58788
40724
0
0
0
191811
40032
73333
0
0
89266
0
0
179858
0
33349
0
731944
795456
464643
0
0
0
135306
0
0
5050
481191
0
0
258812
336528
665913
0
63495
0
441396
0
0
576912
0
0
122050
0
195828
0
296123
0
212516
0
0
0
0
0
132392
376987
0
208848
0
0
13225
335188
0
0
811868
162830
0
0
0
504633
158136
0
0
0
412836
50746
0
36692
0
0
0
639840
0
0
0
566201
97330
0
0
27859
96825
108987
0
0
110513
81779
717428
0
0
150563
0
351969
83775
0
115376
297604
792755
0
185420
0
84852
114200
0
0
114846
0
0
0
200305
244972
0
0
0
947321
88223
4874
65222
14013
59265
1266
0
651511
0
0
0
0
669850
278785
133495
1582
311688
326106
201763
0
423250
0
0
0
226553
0
1602
0
0
42080
0
0
255703
604095
242636
207796
0
0
0
0
0
255013
0
0
0
227083
0
0
0
0
0
772136
168506
0
167291
526820
96631
0
0
373305
0
110926
0
0
43935
90092
26229
259955
155998
0
127652
661026
0
0
194182
0
0
0
0
0
0
73353
0
258204
102773
0
11825
0
0
648296
53600
809813
358674
46332
0
0
618732
0
0
0
0
50809
0
385612
338494
7161
282185
0
651979
0
0
0
0
0
0
0
177802
0
304668
923
41335
0
516642
188229
47618
250596
0
652649
98985
0
226484
0
236662
0
118448
0
0
842886
0
243205
156730
0
266350
0
0
511227
80840
493693
348023
0
57286
0
274617
0
0
486434
0
0
0
0
0
0
318471
626062
0
0
0
0
10546
0
734208
0
0
206510
223733
327889
142959
0
49442
0
51181
137858
0
145482
135104
20419
320647
179193
0
0
0
0
0
0
175093
11311
0
343801
622775
0
0
0
977197
109670
0
437114
158028
28473
14783
3135
10208
0
0
0
89580
0
121496
290815
0
0
149545
206978
644790
6575
0
235937
0
48618
68075
107851
0
0
77691
9879
875374
0
0
0
850763
102573
0
25269
23446
143392
176770
0
0
406632
864695
0
0
0
100045
88232
0
508599
0
0
0
0
166431
0
506786
498631
33226
0
253237
116284
0
0
135156
0
0
0
0
72586
0
0
0
153184
322166
0
0
72355
29494
0
0
0
870314
0
64367
0
0
160430
0
313188
23709
0
0
398328
0
444589
0
0
0
250263
0
0
0
0
0
0
352323
0
94499
0
0
0
36872
0
0
0
47968
307885
107163
0
0
546304
11823
0
50299
0
304426
0
312769
0
0
168710
175957
368360
0
139022
0
114548
37330
0
0
29893
0
0
0
0
0
142622
0
0
77034
0
394198
0
0
0
0
0
0
605257
65776
0
0
0
0
86236
462783
0
0
41202
68247
151022
11283
31551
0
0
40494
4334
0
73109
0
0
0
0
11934
182942
6600
0
0
0
164850
33960
9018
18496
0
714198
0
0
0
0
94924
0
0
0
77954
849300
626499
0
0
0
0
0
112374
267016
0
524915
708475
0
0
0
0
845252
81953
553165
36208
0
0
56456
0
0
0
0
408444
0
79207
53347
264055
0
108874
0
357165
25709
306099
127354
190620
0
0
0
715423
0
0
0
0
0
0
0
628923
578164
265953
111470
0
0
0
528626
139708
115365
0
133780
161282
367982
0
0
13753
0
114580
0
164829
0
0
391968
0
0
722718
0
893941
85895
529918
0
172589
0
87044
0
0
0
552662
0
0
0
0
0
0
0
0
0
0
274520
0
0
0
149866
394860
215826
0
0
791764
842140
0
0
0
0
236815
159992
17134
0
0
0
16060
121073
0
0
0
694200
60984
4111
251536
119360
0
92923
113920
0
0
588395
102559
0
0
0
0
0
0
0
147273
0
132058
90514
0
811985
348838
0
23796
0
0
0
529396
0
37058
0
9185
331823
0
0
0
0
0
283347
82062
236884
122815
217491
0
0
0
0
0
0
5042
0
143260
16794
0
0
0
0
223186
427281
0
0
0
868922
0
0
32996
59403
250909
0
0
269982
236937
0
0
0
0
385098
202786
601796
312720
108557
0
297498
59012
225817
0
595696
0
557920
605602
0
659339
0
46078
70966
7270
0
234255
325435
0
0
160631
683875
379442
0
105837
0
157679
258744
162459
289711
0
654618
119151
0
0
75552
94466
521295
460159
0
0
0
607276
463611
201808
0
0
488044
0
65926
0
0
0
0
0
0
0
0
28948
418
325582
92327
0
0
334546
398721
244031
0
0
233431
140816
0
0
95091
237882
327296
0
256476
260082
66439
378579
0
0
48682
47082
0
450583
0
0
0
0
0
0
393990
0
0
95060
146708
21347
0
820676
0
8124
787125
0
26537
119231
301740
0
563467
0
134586
30402
0
200816
0
0
341567
7057
547272
0
0
0
16747
0
0
0
0
0
0
371413
450488
142243
79331
16867
0
972164
240722
224514
0
123199
216888
30623
181824
0
573327
60326
244884
33414
0
636168
0
117265
0
0
73800
0
0
0
2373
0
0
0
18162
0
55646
248192
125977
0
0
0
0
0
0
0
88043
0
0
148665
0
0
528107
74030
38441
47248
0
0
0
0
0
43957
464764
284231
292074
65295
61
187944
0
0
0
113241
187630
0
0
0
0
0
0
502521
0
0
0
0
0
662560
0
215020
212781
0
0
330553
0
0
124698
0
0
750839
335814
0
264115
0
148433
281657
41188
407611
12438
0
822484
248242
0
61910