0.0125426
0.0126986
0.0126008
0.0125569
0.0136737
0.0124772
0.0127579
0.0124922
0.0128386
0.0124016
0.0300458
0.0281495
0.0310765
0.0284486
0.0292021
0.0294247
0.0287761
0.0283429
0.0308857
0.0300019
0.0470644
0.0479916
0.0503097
0.045759
0.0464033
0.0461773
0.0509732
0.0455938
0.0481079
0.0467822
0.0675631
0.0641633
0.0630349
0.0633901
0.0642647
0.0628965
0.0640664
0.0632168
0.06658
0.0628122
0.0906046
0.0901912
0.0827569
0.0830961
0.0811038
0.0822167
0.0813904
0.0892317
0.0874629
0.0906196
0.103484
0.105307
0.10133
0.101285
0.100504
0.103265
0.108132
0.106447
0.111091
0.116343
0.131474
0.142624
0.229862
0.145479
0.123189
0.134165
0.133737
0.120566
0.124505
0.121902
0.13824
0.149438
0.140154
0.140366
0.13845
0.140374
0.143885
0.137368
0.147956
0.138584
0.157353
0.158896
0.163558
0.15756
0.164798
0.163896
0.175213
0.182071
0.169222
0.167551
0.18219
0.190631
0.179467
0.179383
0.176726
0.177669
0.174484
0.178285
0.180431
0.183399
