0.0030923
0.00309713
0.00298209
0.00299969
0.00301282
0.00298963
0.00306638
0.00297777
0.00309874
0.00301884
0.0066055
0.00681645
0.00659997
0.00656463
0.00673709
0.00662083
0.00675217
0.00674736
0.00675869
0.00667648
0.0104209
0.0103104
0.0104056
0.0104336
0.0122579
0.0104013
0.0104915
0.0103321
0.0107501
0.0132912
0.0142983
0.0142469
0.0143546
0.0140034
0.0143004
0.0146175
0.014256
0.01411
0.0144231
0.0143886
0.0178872
0.0177744
0.0179085
0.017719
0.0180015
0.0203797
0.0187068
0.0183458
0.0179395
0.0185433
0.02295
0.0216721
0.0258555
0.0215371
0.0217337
0.0217436
0.0227526
0.0250442
0.038761
0.0240548
0.0252806
0.0271148
0.0386007
0.03405
0.0263445
0.0262234
0.0267201
0.0255443
0.0255033
0.0255589
0.0289056
0.0289971
0.0290989
0.0290481
0.0292097
0.0291734
0.0291228
0.0292435
0.0292089
0.0293935
0.0326637
0.0328203
0.0329957
0.0327756
0.0330337
0.032726
0.0326641
0.0371295
0.041022
0.0342143
0.0380895
0.0383445
0.036766
0.0368647
0.0364211
0.0368391
0.0363956
0.0365268
0.0365225
0.0367389
