0.00322025
0.00332852
0.00326935
0.00271478
0.003363
0.00260547
0.00326474
0.00321289
0.00261933
0.00267127
0.00522539
0.00713613
0.00522117
0.00512416
0.00643518
0.00654303
0.00531247
0.00521035
0.00522479
0.0061257
0.00786921
0.00969785
0.00896543
0.00907743
0.00775368
0.00931596
0.00965817
0.00776355
0.00779205
0.00978556
0.0119311
0.0126994
0.0127676
0.0101836
0.0128868
0.0101066
0.0129458
0.0102849
0.0130409
0.012118
0.0126598
0.012685
0.0155087
0.0152033
0.0165167
0.0135771
0.0136318
0.0157893
0.0175203
0.0180927
0.0152423
0.0170396
0.015129
0.0149602
0.0151923
0.0155677
0.0189779
0.0191029
0.0293405
0.0210558
0.0218141
0.0176628
0.0188085
0.0192787
0.0248407
0.0235798
0.0274305
0.0175774
0.0203791
0.0215302
0.0271366
0.0252362
0.0199273
0.0202576
0.024935
0.0201285
0.0246709
0.0218425
0.026233
0.0237459
0.0281477
0.02819
0.0224538
0.0286708
0.0249891
0.0225298
0.02851
0.0300093
0.0292664
0.0301863
0.033393
0.0324812
0.0309113
0.0316708
0.028819
0.0310788
0.0298812
0.0256555
0.0250284
0.030103
