1000
447 440 0.00631982
931 184 0.00602452
564 396 0.0059524
731 304 0.00540418
897 233 0.00523248
603 555 0.00502749
841 150 0.00498155
253 88 0.00495932
728 160 0.00488486
869 333 0.0048688
72 30 0.00457822
481 316 0.00456899
685 328 0.0045246
819 238 0.0045183
440 317 0.00442058
653 92 0.00431525
652 581 0.00411138
874 595 0.00410165
416 251 0.00408934
953 401 0.0040877
759 178 0.00407593
872 650 0.00407046
151 127 0.00401512
916 769 0.00398471
483 288 0.00396098
955 519 0.00392204
232 90 0.00382763
494 350 0.00382334
976 113 0.00372406
681 10 0.00362524
538 513 0.00362156
980 194 0.00361032
875 543 0.00357213
436 1 0.00354233
773 172 0.00347576
376 70 0.00345579
900 158 0.00344824
973 953 0.00344048
379 54 0.00341681
490 10 0.00339469
532 301 0.00337676
340 154 0.00336798
752 362 0.00328659
804 91 0.00325848
637 327 0.00324463
871 750 0.00317361
697 67 0.00316526
670 143 0.00313552
831 183 0.00311203
768 314 0.00310325
676 17 0.00305079
880 261 0.00300861
912 889 0.0029889
759 384 0.00293209
984 166 0.00291272
218 129 0.00289986
918 680 0.00287863
392 230 0.00286434
976 509 0.00284508
956 15 0.00283037
968 429 0.00282639
943 663 0.00281931
405 246 0.00275993
317 304 0.00275696
618 617 0.0027488
908 572 0.00273496
618 225 0.002726
846 29 0.00270887
386 79 0.00268695
714 406 0.00266798
825 147 0.00266022
411 397 0.00265422
358 206 0.00262957
374 230 0.0026037
195 81 0.00260288
702 318 0.00258749
847 665 0.00258322
983 482 0.00257572
610 71 0.00256216
548 55 0.00256002
362 337 0.00255408
221 171 0.00254894
725 430 0.00253596
998 193 0.0025358
662 197 0.00252942
535 343 0.00252719
69 23 0.00252312
625 20 0.00249494
466 122 0.00246415
843 805 0.00246387
971 148 0.002462
414 83 0.00245477
814 20 0.00243838
841 462 0.00239598
111 33 0.00239173
899 857 0.00238909
770 48 0.00238264
978 636 0.00238056
843 157 0.00237879
329 226 0.00237548
495 19 0.00236716
790 135 0.00236009
815 394 0.00235466
736 378 0.00232581
751 388 0.00231487
367 350 0.00231315
539 264 0.0023117
427 53 0.00231042
579 346 0.0023036
887 383 0.00230252
836 619 0.00230069
806 24 0.00229434
578 64 0.00227995
33 17 0.00226658
874 649 0.00226255
919 313 0.00226221
996 104 0.00225424
201 161 0.00224942
723 513 0.00224669
612 530 0.00224515
232 177 0.00223319
502 244 0.00223052
835 168 0.00221996
411 217 0.00221987
483 363 0.00221851
995 811 0.00221454
795 155 0.00220452
954 767 0.00219415
553 165 0.00217455
772 302 0.00217138
861 380 0.00216915
773 123 0.00216776
203 62 0.00216713
700 568 0.0021662
665 660 0.00216575
553 31 0.00216487
633 187 0.0021572
788 597 0.00215319
705 532 0.00215225
537 247 0.00213773
933 261 0.0021369
485 445 0.00213312
169 34 0.00212228
520 21 0.00211585
398 351 0.00210884
825 616 0.00210816
966 122 0.00209785
529 258 0.0020892
431 393 0.00208483
906 319 0.00207913
268 97 0.00207508
794 701 0.00206583
514 135 0.00205437
757 213 0.0020437
967 223 0.00203303
759 161 0.00203026
685 335 0.00202821
435 293 0.00202801
410 114 0.00202199
409 47 0.0020211
480 308 0.0020126
604 583 0.00199368
737 163 0.00198877
472 271 0.00198269
735 514 0.00197834
690 190 0.00197332
546 4 0.00196743
938 673 0.00196153
825 586 0.00195877
480 120 0.00195366
782 52 0.00195194
552 436 0.00194752
578 493 0.00194573
642 143 0.00194524
325 251 0.00192958
413 239 0.00191176
398 121 0.00190456
501 109 0.00190449
902 882 0.00189382
909 508 0.00189321
579 373 0.00188483
717 16 0.00188223
684 219 0.00187689
737 59 0.0018753
518 269 0.00186885
886 497 0.00186637
963 196 0.00185279
718 194 0.00184855
467 4 0.00184517
829 641 0.00184511
688 129 0.00184273
477 13 0.00184029
709 227 0.00184012
722 173 0.00184003
566 11 0.00183259
747 677 0.00182025
556 439 0.00181975
933 641 0.00181942
889 402 0.00181165
785 560 0.00181094
999 937 0.00179568
740 308 0.00179277
921 829 0.00179191
694 398 0.00178871
437 420 0.00178137
576 73 0.00177785
486 385 0.00177634
292 265 0.00177284
785 426 0.00176637
745 598 0.0017662
231 47 0.00176484
945 15 0.00175443
431 366 0.00175099
741 692 0.00175045
996 680 0.00174835
572 455 0.00174717
283 52 0.00174153
943 896 0.00174109
478 336 0.00173722
574 428 0.00173488
894 28 0.00171225
687 317 0.00171192
704 324 0.00170582
408 175 0.0016924
543 363 0.00169066
796 152 0.00169061
977 862 0.00168972
413 252 0.00168741
815 242 0.00168718
438 202 0.00168492
671 316 0.00168338
407 45 0.00166871
109 93 0.00166658
967 268 0.00166525
433 260 0.00166409
723 68 0.00166372
793 786 0.0016609
950 145 0.00165959
191 114 0.00165956
322 103 0.0016593
258 132 0.00164744
832 291 0.00164713
357 69 0.00164627
523 413 0.00162928
846 609 0.00162914
755 510 0.00161989
920 312 0.00161982
860 2 0.00161641
185 138 0.0016141
566 557 0.00161234
762 643 0.00160399
473 238 0.0016014
865 739 0.00159764
638 356 0.00158244
779 488 0.00158133
965 850 0.0015794
726 528 0.00157864
934 491 0.00157755
775 85 0.00157611
772 480 0.00156855
703 347 0.00156792
545 91 0.00155924
862 242 0.00155885
917 773 0.00155606
970 888 0.00155229
928 160 0.00154737
873 474 0.00154591
997 82 0.0015456
901 505 0.00154311
362 94 0.00154078
951 170 0.00153758
354 240 0.00153655
936 702 0.00153276
505 231 0.00152181
961 398 0.00151954
545 412 0.00151946
563 266 0.00151298
605 183 0.00150621
759 489 0.00149852
230 85 0.0014974
820 789 0.00149663
788 565 0.00149573
915 469 0.00149489
286 14 0.00149173
970 248 0.00149144
647 47 0.00148946
568 453 0.00148265
63 49 0.00147008
854 307 0.00146921
961 441 0.00146837
822 450 0.00145992
785 98 0.00145968
857 788 0.00145947
393 58 0.00145238
877 117 0.00145193
800 590 0.00145184
840 544 0.0014354
352 68 0.0014345
712 161 0.00143389
990 216 0.00142783
868 694 0.00142405
775 722 0.00142157
909 672 0.00141576
528 349 0.0014151
727 91 0.00141388
259 245 0.00140736
639 50 0.00140208
824 454 0.00139777
308 158 0.00139302
693 692 0.00138989
541 275 0.00138124
904 102 0.00137795
155 101 0.00137783
432 383 0.00137534
695 203 0.00137523
763 271 0.00137466
702 47 0.00137229
833 159 0.00136446
572 415 0.0013619
928 354 0.00135469
888 810 0.001348
175 103 0.00134748
872 122 0.00134575
898 257 0.00133582
856 68 0.00133582
567 532 0.00133226
992 27 0.00132931
671 511 0.0013241
833 199 0.00132031
643 623 0.00131855
827 184 0.00131708
645 591 0.00131674
306 109 0.00131665
792 60 0.00130985
851 202 0.00130604
126 32 0.00130544
469 82 0.00130445
697 297 0.00130117
952 676 0.00130059
948 803 0.00129976
830 4 0.00129722
348 7 0.00129702
605 295 0.00129332
848 139 0.00128716
221 194 0.00128396
234 5 0.00128097
360 142 0.0012807
959 250 0.0012778
475 281 0.00127675
290 174 0.00127507
947 799 0.00127294
556 331 0.0012673
861 104 0.00126726
883 452 0.00126275
182 10 0.00126251
797 506 0.00125612
979 272 0.00125532
886 746 0.00125265
950 226 0.00125254
375 36 0.00124852
322 307 0.00124535
857 377 0.00124517
184 91 0.00124207
532 204 0.00124183
932 22 0.00123791
640 4 0.00123094
274 6 0.00123037
738 550 0.00122501
783 176 0.00122317
781 694 0.00122283
982 851 0.00122205
547 359 0.00121731
535 531 0.00121711
342 80 0.00121684
563 326 0.00121369
512 377 0.00121237
934 116 0.00120951
644 56 0.00120921
694 174 0.00120912
130 91 0.00120634
738 380 0.00120592
818 369 0.00120585
319 199 0.00120282
736 541 0.00119896
102 3 0.00119817
859 817 0.00119487
575 31 0.00119322
745 359 0.00119306
674 648 0.00119241
653 452 0.00119184
972 584 0.00119171
591 84 0.00119115
390 260 0.00119078
826 355 0.00118469
914 44 0.00118288
310 283 0.00118022
717 591 0.00117509
993 751 0.00117425
289 172 0.00116449
924 749 0.00116424
659 429 0.00116408
637 633 0.00116244
591 71 0.00115999
737 160 0.00115918
642 263 0.00115435
867 633 0.00115265
698 363 0.00114808
592 524 0.00114578
876 460 0.00114384
837 333 0.00114371
775 24 0.00113979
874 270 0.00113482
340 155 0.00113451
560 106 0.00113118
926 765 0.00113071
209 162 0.00112776
771 130 0.00112702
729 5 0.00112321
651 153 0.00112301
465 91 0.00112267
647 186 0.00112097
974 676 0.00112082
999 251 0.00111925
673 531 0.00111919
612 14 0.00111873
669 65 0.00111627
727 711 0.00111497
507 187 0.00111474
932 767 0.0011136
683 320 0.00111336
943 771 0.00110765
947 188 0.00110345
776 35 0.0011008
876 851 0.00109971
525 118 0.00109544
888 140 0.00109467
692 419 0.00109418
792 333 0.00108981
813 762 0.00108974
582 153 0.00108907
964 962 0.00108408
950 691 0.0010835
137 28 0.00107287
581 169 0.00107187
570 125 0.00107182
346 164 0.00107034
871 105 0.00106892
213 137 0.00106744
722 334 0.00106639
662 355 0.00106478
986 885 0.00106444
250 216 0.0010568
840 257 0.0010549
977 733 0.0010541
972 668 0.00105096
315 96 0.00104974
417 19 0.00104942
273 94 0.00104811
760 446 0.00104751
907 589 0.00104743
779 118 0.00104426
848 273 0.0010441
453 254 0.00104167
629 529 0.00103712
502 396 0.0010329
721 151 0.0010326
859 760 0.00103222
161 129 0.00102941
498 325 0.00102712
394 303 0.00102543
444 386 0.00102521
291 71 0.00102082
86 53 0.00101855
846 614 0.00101272
461 74 0.0010124
933 272 0.00100934
210 138 0.00100721
985 99 0.00100686
509 496 0.0010055
780 60 0.00100506
328 195 0.00100165
470 340 0.00100075
929 678 0.000998908
956 557 0.000998125
611 107 0.000997022
629 297 0.000995828
195 134 0.000994897
280 216 0.000994312
839 573 0.000994081
714 254 0.000992038
634 365 0.000991865
839 162 0.000988293
119 41 0.000985807
888 298 0.000982791
808 672 0.0009774
439 256 0.000976148
636 61 0.000971812
745 312 0.000971067
778 492 0.000969146
405 237 0.000969057
334 37 0.000968088
992 631 0.000964621
842 761 0.000963697
891 562 0.000962144
929 866 0.000962135
442 82 0.000961221
891 734 0.000952088
860 664 0.000949654
865 199 0.000949404
939 321 0.000945829
626 519 0.000945252
969 943 0.000944988
692 414 0.000937696
611 166 0.000937326
522 41 0.000936918
946 808 0.000935188
835 720 0.000934571
765 151 0.000931467
927 224 0.000930327
758 400 0.000929643
370 282 0.000929443
654 559 0.000927902
319 313 0.000924328
464 48 0.000917357
557 534 0.000915008
690 475 0.00091087
683 668 0.000910276
863 762 0.000909995
707 345 0.00090817
115 95 0.0009069
559 448 0.000906885
689 389 0.000904086
479 402 0.000903866
257 144 0.000901126
317 131 0.000895819
179 22 0.000894313
832 375 0.000890211
725 683 0.000890028
471 374 0.000888894
664 630 0.000887405
996 754 0.000886826
537 305 0.000886108
941 571 0.000882154
769 706 0.00088175
988 892 0.000880309
364 46 0.000878807
826 592 0.000873589
890 402 0.00087227
923 516 0.000870524
278 138 0.000870246
385 61 0.000868714
957 265 0.000866765
907 744 0.000865802
849 354 0.000865762
826 612 0.000863976
956 879 0.00085917
944 692 0.000855211
646 59 0.000847336
715 300 0.000845284
572 328 0.000845209
476 396 0.000841244
717 282 0.000840871
722 667 0.000835471
799 131 0.000835086
798 515 0.000834322
673 25 0.000833394
776 338 0.000832506
925 878 0.00083244
749 212 0.000829571
888 41 0.000828734
620 347 0.000826297
617 355 0.000823004
633 55 0.000822154
809 21 0.000821171
362 182 0.000819813
525 215 0.000819429
418 341 0.000816842
568 332 0.000813422
294 137 0.000805001
797 238 0.000801794
941 283 0.000800227
854 707 0.000799896
534 4 0.000795022
936 25 0.000790669
859 694 0.000790361
638 63 0.000789734
519 469 0.000779888
433 86 0.000778999
769 489 0.000778243
658 156 0.000777664
881 745 0.000776851
805 791 0.000775659
756 640 0.00077093
788 6 0.00077018
896 588 0.000769963
784 402 0.000765862
428 59 0.000764457
926 600 0.000756117
535 257 0.000755918
798 340 0.000754395
295 12 0.000753261
422 0 0.00075107
924 161 0.000749929
697 22 0.000748721
518 89 0.000746137
675 445 0.000745839
677 615 0.000744528
690 531 0.000742881
634 195 0.000742248
586 50 0.000740302
797 333 0.000737228
858 696 0.000736586
907 654 0.000735487
887 836 0.000733113
248 32 0.000732369
981 292 0.000732154
693 679 0.000731267
697 689 0.000730858
591 463 0.000729738
989 837 0.000729192
953 923 0.000727606
812 639 0.00072695
671 91 0.00072562
818 123 0.000725594
585 434 0.000724516
802 599 0.000722932
462 423 0.000720793
64 13 0.000719048
534 236 0.000716909
744 55 0.000713239
542 209 0.000712832
723 290 0.000712035
960 237 0.000711571
939 672 0.000709867
786 748 0.000708678
207 194 0.000705431
525 325 0.000705357
674 363 0.000703724
457 227 0.000700944
144 0 0.00069951
636 353 0.000696328
870 456 0.000695811
443 174 0.000693544
862 812 0.000689833
422 198 0.000689514
659 54 0.000688159
905 781 0.000684745
344 78 0.000683364
495 405 0.000682388
993 117 0.000680506
856 413 0.000680101
816 90 0.000674928
624 623 0.000674716
950 464 0.000673732
922 913 0.000673165
839 725 0.000668399
783 339 0.00066743
614 77 0.000665978
811 155 0.000663319
377 233 0.00066112
651 133 0.00065832
299 2 0.000657215
542 492 0.000651169
668 587 0.000650718
991 582 0.000647588
250 90 0.000645855
761 730 0.000638708
877 264 0.00063765
117 30 0.000635172
774 754 0.00063419
878 456 0.000632778
658 354 0.000628396
375 66 0.000627805
843 807 0.000625635
293 243 0.000625537
523 420 0.000624092
598 404 0.000621027
949 540 0.000614616
723 363 0.000613958
803 192 0.000613931
877 796 0.00061269
939 208 0.00060909
463 328 0.000606887
902 64 0.000605563
613 255 0.000598543
890 742 0.000597789
459 34 0.000591419
484 403 0.000590856
911 713 0.000589951
368 8 0.000588605
975 793 0.000583683
930 753 0.00058276
753 675 0.000582553
572 568 0.000582107
944 581 0.000580814
934 298 0.000577673
695 499 0.000577432
697 370 0.000574219
929 332 0.000573556
872 25 0.000568146
947 119 0.000566838
458 211 0.000562495
907 235 0.000560387
927 450 0.00055918
952 80 0.000553465
561 214 0.000549614
424 66 0.000546869
644 387 0.000544839
884 853 0.000544427
748 470 0.000541276
590 480 0.000541003
476 302 0.000540702
914 249 0.000539147
377 333 0.000538163
285 167 0.000534824
852 305 0.000533103
488 75 0.000527877
928 40 0.000524848
434 353 0.000522245
487 445 0.000520588
527 292 0.00051319
699 249 0.000511343
808 137 0.000504465
608 589 0.00050094
381 18 0.00050093
458 348 0.000499233
971 690 0.000498874
692 686 0.000498603
247 193 0.00049787
792 556 0.00049679
540 503 0.000494745
809 434 0.000493496
552 48 0.000493062
385 71 0.000486547
454 88 0.000484812
887 214 0.000481114
947 607 0.000478377
843 356 0.000478157
794 226 0.000476191
837 713 0.000475491
208 56 0.000475116
340 80 0.000473517
787 152 0.000473392
865 500 0.000471443
295 31 0.00046433
784 323 0.000459547
532 39 0.000457701
935 844 0.000454279
915 330 0.000454024
760 322 0.000452228
719 30 0.000450468
969 965 0.000450433
859 95 0.000450282
946 226 0.000450226
465 215 0.00044998
594 364 0.000446933
628 421 0.000444614
720 133 0.000443272
946 41 0.000441514
169 79 0.000441184
725 222 0.000440715
729 537 0.00043595
824 541 0.000431397
732 498 0.000430676
518 493 0.000430419
602 21 0.000429248
942 865 0.000427976
823 775 0.000424731
783 465 0.000422819
534 87 0.000420627
744 205 0.000419985
957 949 0.000411227
801 105 0.000410955
198 26 0.000405517
205 46 0.000402937
277 181 0.000401223
913 419 0.000400788
749 708 0.000399675
842 57 0.000399015
581 492 0.00039853
888 821 0.000395176
764 584 0.000390297
102 52 0.000389096
813 4 0.000386521
843 521 0.000385484
495 71 0.000385072
957 358 0.000381718
857 777 0.000377648
884 676 0.000374545
323 31 0.000373244
963 164 0.000369904
656 54 0.000369355
334 176 0.000368999
637 93 0.000368094
541 224 0.000364155
892 60 0.000362208
845 108 0.000359123
749 319 0.000359093
998 220 0.00035614
635 45 0.000354116
878 114 0.000352943
477 341 0.000351202
751 635 0.000349604
575 457 0.000349198
846 238 0.000348252
779 166 0.000348055
622 575 0.000347065
757 682 0.000343826
876 858 0.0003395
986 449 0.000338107
956 200 0.000337466
828 674 0.000336951
621 315 0.000336216
958 204 0.000336005
940 628 0.000335793
567 354 0.000334825
504 296 0.000331477
532 405 0.000330899
213 123 0.000324276
744 526 0.000322801
524 397 0.000322276
764 638 0.000321863
551 48 0.000317313
766 622 0.000316221
964 87 0.000313074
932 549 0.000311042
637 287 0.000311031
813 344 0.000310752
855 55 0.000310471
372 51 0.000306735
434 108 0.000305401
662 367 0.000304853
626 531 0.000303183
366 125 0.000301181
860 20 0.00029844
890 594 0.000293564
878 382 0.000289332
821 400 0.000287466
275 70 0.000287442
250 219 0.000286519
555 2 0.000283025
717 267 0.000282489
673 458 0.000281881
604 463 0.000281522
569 176 0.000279712
284 131 0.000277231
431 103 0.00027361
837 836 0.000269289
842 360 0.000268722
285 266 0.000268418
808 262 0.000268051
645 9 0.000268011
631 596 0.000265328
558 270 0.000265069
95 5 0.000263836
895 851 0.00026254
585 540 0.000260204
372 151 0.00025823
592 370 0.000256267
902 149 0.000252994
783 38 0.000249496
724 266 0.000247922
903 216 0.000247664
531 117 0.000246483
820 558 0.000244125
174 105 0.000243057
910 381 0.000241407
326 174 0.000240565
141 45 0.000235616
972 268 0.000235143
158 7 0.000231948
907 124 0.00022477
876 765 0.000224285
784 241 0.000223698
840 391 0.000220926
817 657 0.000220417
391 309 0.000219856
913 703 0.000215501
601 119 0.000215202
484 322 0.000213904
474 336 0.000208263
719 142 0.00020574
985 146 0.000205048
604 500 0.000202392
963 160 0.000201385
954 628 0.000200219
637 189 0.00020012
359 151 0.000199508
888 180 0.00019772
677 642 0.000197263
798 128 0.000196368
826 669 0.000193481
536 311 0.000193374
340 324 0.000191044
993 76 0.000188651
370 90 0.00018683
245 84 0.00018629
451 310 0.000185308
994 291 0.000183706
219 210 0.000183665
953 70 0.000182767
355 349 0.000179242
876 136 0.000178376
565 42 0.00017576
838 504 0.000172934
716 199 0.000165763
892 559 0.000165173
666 632 0.000163819
496 450 0.000163721
614 215 0.000159729
979 368 0.000159608
668 577 0.000157767
371 256 0.000154716
497 434 0.000153934
627 112 0.000144962
170 65 0.00014441
735 164 0.000142045
593 489 0.000141799
221 60 0.000139236
892 305 0.000139149
599 381 0.00013781
835 300 0.000137662
993 584 0.000132838
893 554 0.000130468
762 456 0.000129422
562 364 0.000123669
847 572 0.000123391
986 354 0.000115819
367 315 0.000115394
112 4 0.000114744
710 140 0.000113839
452 136 0.000110771
452 265 0.000110727
627 580 0.00011065
825 425 0.000105011
562 35 0.000100568
820 576 9.75184e-05
380 122 9.17148e-05
985 158 9.0382e-05
762 74 9.03793e-05
661 517 8.91788e-05
582 317 8.90873e-05
446 208 8.41777e-05
517 50 8.29798e-05
743 675 7.99123e-05
683 533 7.98627e-05
516 435 7.70998e-05
803 277 7.33805e-05
830 2 7.32686e-05
358 273 7.29502e-05
979 783 7.05322e-05
942 95 7.00014e-05
655 640 6.65675e-05
764 433 6.64124e-05
558 534 6.50811e-05
783 381 6.38704e-05
353 276 6.25468e-05
878 399 6.22525e-05
468 250 6.14486e-05
181 102 5.94622e-05
952 699 5.34751e-05
729 666 5.09317e-05
763 57 5.07255e-05
596 95 4.82623e-05
987 74 4.81479e-05
228 221 4.79769e-05
864 86 4.64775e-05
112 43 4.48315e-05
482 128 4.16397e-05
315 76 4.0955e-05
923 359 4.01283e-05
594 242 3.92024e-05
395 146 3.91895e-05
757 613 3.91661e-05
733 560 3.7951e-05
979 768 3.69077e-05
890 844 3.55372e-05
550 69 3.39149e-05
554 285 3.3647e-05
215 4 3.29033e-05
694 263 3.24117e-05
418 205 3.15401e-05
936 606 2.94236e-05
994 279 2.77134e-05
960 340 2.63415e-05
957 336 2.52506e-05
792 695 2.51359e-05
868 504 2.04241e-05
909 361 1.81543e-05
311 32 1.66339e-05
913 100 1.6311e-05
992 948 1.62829e-05
914 229 1.40733e-05
784 423 9.03552e-06
755 161 7.70843e-06
878 54 6.81696e-06
741 110 6.27848e-06
834 254 4.19779e-06
753 179 3.68065e-06
