0.00723192
0.00722144
0.00722737
0.00716903
0.00719169
0.0072903
0.00825064
0.00727053
0.00726557
0.0071953
0.0154871
0.0153698
0.0152016
0.0151335
0.0150861
0.0152551
0.0153489
0.0153038
0.0153735
0.01531
0.0239407
0.0237028
0.0238063
0.0235841
0.0241377
0.0234942
0.0239509
0.0237025
0.0240865
0.0235588
0.032492
0.03225
0.0343743
0.0328501
0.0322685
0.0334284
0.0322622
0.0320042
0.0331515
0.0322415
0.0413769
0.0416923
0.0414001
0.0414495
0.0411331
0.0431713
0.0434357
0.0422817
0.0414515
0.0429409
0.0519093
0.050608
0.0502093
0.0503983
0.0502547
0.0504151
0.0503395
0.0575718
0.0615013
0.0546554
0.0624445
0.0596421
0.0720927
0.0846963
0.0641322
0.0605572
0.06508
0.0593966
0.0593766
0.0593589
0.0692816
0.0693121
0.0686164
0.0686398
0.0702636
0.068683
0.0694902
0.0690623
0.0692506
0.0690501
0.0784328
0.0779142
0.0782043
0.083512
0.0785137
0.0785113
0.0787099
0.104295
0.0974793
0.0811817
0.0905465
0.092755
0.0916334
0.0890341
0.0874457
0.0878232
0.0883903
0.0879818
0.0943446
0.087199
