100
44 3
95 85
51 38
84 73
87 42
29 95
30 28
1 44
55 98
36 25
41 60
12 50
85 47
41 45
92 23
58 32
90 95
52 94
70 20
73 45
92 78
84 69
93 92
74 29
85 15
87 21
95 41
86 97
60 92
0 43
1 83
77 67
42 83
26 90
32 49
82 36
28 16
39 41
11 65
70 29
86 77
27 79
25 19
30 58
87 81
94 99
0 81
40 27
26 97
90 48
30 50
24 67
44 51
95 75
29 28
52 75
48 40
98 23
44 70
82 92
23 4
76 82
22 13
81 61
59 31
22 4
1 53
34 4
59 20
37 79
29 6
45 56
57 2
51 11
82 35
56 5
96 92
25 89
2 67
49 14
24 18
70 80
63 17
4 17
99 62
23 64
88 64
7 75
66 18
54 45
2 9
55 8
37 91
68 12
98 46
30 71
10 8
93 33
72 30
