0.00484817
0.00509258
0.00487218
0.00531367
0.00511581
0.00524287
0.00509981
0.00531159
0.00481556
0.00503694
0.00885473
0.00888979
0.00884939
0.0097868
0.00897298
0.00896262
0.00976259
0.00932745
0.0105195
0.00893316
0.0143579
0.0139742
0.0147157
0.0145253
0.0142274
0.013798
0.0141376
0.0144053
0.014737
0.0136226
0.0177242
0.0184186
0.0176138
0.0174315
0.0172186
0.0168645
0.017395
0.0170863
0.0176206
0.0170776
0.0199128
0.0199264
0.0200258
0.0198103
0.0203645
0.019966
0.0210685
0.0212968
0.0198342
0.0234181
0.0289738
0.0271089
0.0269177
0.0270261
0.0268729
0.0270769
0.0271522
0.0305589
0.0321479
0.0331426
0.0308197
0.0297859
0.0325912
0.032574
0.0336197
0.0316823
0.031614
0.0304654
0.0299143
0.0388609
0.0335194
0.033737
0.0395036
0.0327294
0.0332829
0.0333901
0.0327376
0.0335926
0.0331346
0.0361482
0.036938
0.0355083
0.0358876
0.0359522
0.0361486
0.0370114
0.0357586
0.0526126
0.0493253
0.0387304
0.041343
0.0416751
0.038825
0.0385694
0.039049
0.0383143
0.0403753
0.0387443
0.0387225
0.0383185
